bert_dense, fine-tuning, seed:13, lr:2e-05, mask_id:0, post:False, split:0
best epoch: 7, dev f1:0.7901, test p:0.7923, r:0.7166, f1:0.7525 
              precision    recall  f1-score   support

           0     1.0000    1.0000    1.0000         2
           1     0.0000    0.0000    0.0000         1
           2     1.0000    0.6667    0.8000         6
           3     0.8333    0.5556    0.6667        18
           4     0.8000    0.8000    0.8000        50
           5     0.9167    0.7857    0.8462        14
           6     1.0000    0.5000    0.6667        10
           7     0.8333    1.0000    0.9091         5
           8     0.0000    0.0000    0.0000         0
           9     0.6667    0.4000    0.5000         5
          10     0.7778    0.8750    0.8235         8
          11     0.5000    1.0000    0.6667         2
          12     0.0000    0.0000    0.0000         1
          13     0.0000    0.0000    0.0000         0
          14     0.0000    0.0000    0.0000         0
          15     0.0000    0.0000    0.0000         0
          16     0.0000    0.0000    0.0000         0
          17     0.7500    1.0000    0.8571         3
          18     0.8333    1.0000    0.9091         5
          19     0.3000    0.3333    0.3158         9
          20     0.5000    0.4286    0.4615         7
          21     0.0000    0.0000    0.0000         0
          22     0.8649    0.9143    0.8889        35
          23     0.0000    0.0000    0.0000         0
          24     0.9091    0.7692    0.8333        26
          25     0.8333    1.0000    0.9091         5
          26     0.8364    0.6970    0.7603        66
          27     0.5000    0.5000    0.5000         2
          28     0.6250    0.4545    0.5263        11
          29     1.0000    0.7500    0.8571         4
          30     0.7857    0.6875    0.7333        16
          31     0.0000    0.0000    0.0000         0
          32     0.0000    0.0000    0.0000         3

   micro avg     0.7923    0.7166    0.7525       314
   macro avg     0.5171    0.4884    0.4918       314
weighted avg     0.7990    0.7166    0.7482       314
 samples avg     0.2647    0.2539    0.2554       314

bert_dense, fine-tuning, seed:21, lr:2e-05, mask_id:0, post:False, split:0
best epoch: 8, dev f1:0.7834, test p:0.7778, r:0.7357, f1:0.7561 
              precision    recall  f1-score   support

           0     1.0000    1.0000    1.0000         2
           1     0.0000    0.0000    0.0000         1
           2     1.0000    0.8333    0.9091         6
           3     0.8571    0.6667    0.7500        18
           4     0.7547    0.8000    0.7767        50
           5     0.9231    0.8571    0.8889        14
           6     1.0000    0.6000    0.7500        10
           7     1.0000    1.0000    1.0000         5
           8     0.0000    0.0000    0.0000         0
           9     1.0000    0.4000    0.5714         5
          10     0.6000    0.7500    0.6667         8
          11     0.4000    1.0000    0.5714         2
          12     0.0000    0.0000    0.0000         1
          13     0.0000    0.0000    0.0000         0
          14     0.0000    0.0000    0.0000         0
          15     0.0000    0.0000    0.0000         0
          16     0.0000    0.0000    0.0000         0
          17     0.7500    1.0000    0.8571         3
          18     0.8333    1.0000    0.9091         5
          19     0.3750    0.3333    0.3529         9
          20     0.5000    0.4286    0.4615         7
          21     0.0000    0.0000    0.0000         0
          22     0.8421    0.9143    0.8767        35
          23     0.0000    0.0000    0.0000         0
          24     0.9091    0.7692    0.8333        26
          25     0.7143    1.0000    0.8333         5
          26     0.7797    0.6970    0.7360        66
          27     1.0000    1.0000    1.0000         2
          28     0.7143    0.4545    0.5556        11
          29     1.0000    0.7500    0.8571         4
          30     0.7857    0.6875    0.7333        16
          31     0.0000    0.0000    0.0000         0
          32     0.5000    0.3333    0.4000         3

   micro avg     0.7778    0.7357    0.7561       314
   macro avg     0.5527    0.5235    0.5239       314
weighted avg     0.7931    0.7357    0.7553       314
 samples avg     0.2729    0.2629    0.2640       314

bert_dense, fine-tuning, seed:42, lr:2e-05, mask_id:0, post:False, split:0
best epoch: 6, dev f1:0.7754, test p:0.7838, r:0.7389, f1:0.7607 
              precision    recall  f1-score   support

           0     1.0000    1.0000    1.0000         2
           1     0.0000    0.0000    0.0000         1
           2     1.0000    0.8333    0.9091         6
           3     0.9231    0.6667    0.7742        18
           4     0.7885    0.8200    0.8039        50
           5     0.8462    0.7857    0.8148        14
           6     1.0000    0.6000    0.7500        10
           7     1.0000    1.0000    1.0000         5
           8     0.0000    0.0000    0.0000         0
           9     1.0000    1.0000    1.0000         5
          10     0.6000    0.7500    0.6667         8
          11     0.2857    1.0000    0.4444         2
          12     0.0000    0.0000    0.0000         1
          13     0.0000    0.0000    0.0000         0
          14     0.0000    0.0000    0.0000         0
          15     0.0000    0.0000    0.0000         0
          16     0.0000    0.0000    0.0000         0
          17     0.7500    1.0000    0.8571         3
          18     0.8333    1.0000    0.9091         5
          19     0.5556    0.5556    0.5556         9
          20     0.4286    0.4286    0.4286         7
          21     0.0000    0.0000    0.0000         0
          22     0.8649    0.9143    0.8889        35
          23     0.0000    0.0000    0.0000         0
          24     0.9048    0.7308    0.8085        26
          25     0.7143    1.0000    0.8333         5
          26     0.7719    0.6667    0.7154        66
          27     0.5000    1.0000    0.6667         2
          28     0.6667    0.3636    0.4706        11
          29     1.0000    0.7500    0.8571         4
          30     0.8571    0.7500    0.8000        16
          31     0.0000    0.0000    0.0000         0
          32     0.0000    0.0000    0.0000         3

   micro avg     0.7838    0.7389    0.7607       314
   macro avg     0.5240    0.5338    0.5138       314
weighted avg     0.7963    0.7389    0.7582       314
 samples avg     0.2758    0.2639    0.2657       314

bert_dense, fine-tuning, seed:13, lr:2e-05, mask_id:1, post:False, split:0
best epoch: 6, dev f1:0.7943, test p:0.7325, r:0.7675, f1:0.7496 
              precision    recall  f1-score   support

           0     1.0000    1.0000    1.0000         2
           1     0.0000    0.0000    0.0000         1
           2     1.0000    0.8333    0.9091         6
           3     0.8667    0.7222    0.7879        18
           4     0.7193    0.8200    0.7664        50
           5     0.8571    0.8571    0.8571        14
           6     0.7778    0.7000    0.7368        10
           7     0.6250    1.0000    0.7692         5
           8     0.0000    0.0000    0.0000         0
           9     0.0000    0.0000    0.0000         5
          10     0.6364    0.8750    0.7368         8
          11     0.3333    1.0000    0.5000         2
          12     0.0000    0.0000    0.0000         1
          13     0.0000    0.0000    0.0000         0
          14     0.0000    0.0000    0.0000         0
          15     0.0000    0.0000    0.0000         0
          16     0.0000    0.0000    0.0000         0
          17     0.7500    1.0000    0.8571         3
          18     0.7143    1.0000    0.8333         5
          19     0.4545    0.5556    0.5000         9
          20     0.8333    0.7143    0.7692         7
          21     0.0000    0.0000    0.0000         0
          22     0.8378    0.8857    0.8611        35
          23     0.0000    0.0000    0.0000         0
          24     0.9091    0.7692    0.8333        26
          25     0.7143    1.0000    0.8333         5
          26     0.6753    0.7879    0.7273        66
          27     0.5000    1.0000    0.6667         2
          28     0.8000    0.3636    0.5000        11
          29     1.0000    1.0000    1.0000         4
          30     0.7333    0.6875    0.7097        16
          31     0.0000    0.0000    0.0000         0
          32     0.0000    0.0000    0.0000         3

   micro avg     0.7325    0.7675    0.7496       314
   macro avg     0.4769    0.5325    0.4895       314
weighted avg     0.7344    0.7675    0.7415       314
 samples avg     0.2741    0.2722    0.2687       314

bert_dense, fine-tuning, seed:21, lr:2e-05, mask_id:1, post:False, split:0
best epoch: 7, dev f1:0.7906, test p:0.7539, r:0.7707, f1:0.7622 
              precision    recall  f1-score   support

           0     1.0000    1.0000    1.0000         2
           1     0.0000    0.0000    0.0000         1
           2     1.0000    0.8333    0.9091         6
           3     0.7778    0.7778    0.7778        18
           4     0.7800    0.7800    0.7800        50
           5     0.9231    0.8571    0.8889        14
           6     0.8750    0.7000    0.7778        10
           7     0.8333    1.0000    0.9091         5
           8     0.0000    0.0000    0.0000         0
           9     1.0000    0.4000    0.5714         5
          10     0.6667    0.7500    0.7059         8
          11     0.3333    1.0000    0.5000         2
          12     0.0000    0.0000    0.0000         1
          13     0.0000    0.0000    0.0000         0
          14     0.0000    0.0000    0.0000         0
          15     0.0000    0.0000    0.0000         0
          16     0.0000    0.0000    0.0000         0
          17     0.7500    1.0000    0.8571         3
          18     0.8000    0.8000    0.8000         5
          19     0.5556    0.5556    0.5556         9
          20     0.6667    0.5714    0.6154         7
          21     0.0000    0.0000    0.0000         0
          22     0.8421    0.9143    0.8767        35
          23     0.0000    0.0000    0.0000         0
          24     0.8636    0.7308    0.7917        26
          25     0.7143    1.0000    0.8333         5
          26     0.7105    0.8182    0.7606        66
          27     0.3333    0.5000    0.4000         2
          28     0.8333    0.4545    0.5882        11
          29     1.0000    1.0000    1.0000         4
          30     0.6875    0.6875    0.6875        16
          31     0.0000    0.0000    0.0000         0
          32     0.5000    0.3333    0.4000         3

   micro avg     0.7539    0.7707    0.7622       314
   macro avg     0.5287    0.5292    0.5147       314
weighted avg     0.7722    0.7707    0.7634       314
 samples avg     0.2826    0.2762    0.2755       314

bert_dense, fine-tuning, seed:42, lr:2e-05, mask_id:1, post:False, split:0
best epoch: 9, dev f1:0.7683, test p:0.7726, r:0.7898, f1:0.7811 
              precision    recall  f1-score   support

           0     1.0000    1.0000    1.0000         2
           1     0.0000    0.0000    0.0000         1
           2     1.0000    0.8333    0.9091         6
           3     0.8667    0.7222    0.7879        18
           4     0.7843    0.8000    0.7921        50
           5     0.8667    0.9286    0.8966        14
           6     1.0000    0.6000    0.7500        10
           7     0.8333    1.0000    0.9091         5
           8     0.0000    0.0000    0.0000         0
           9     1.0000    0.4000    0.5714         5
          10     0.7000    0.8750    0.7778         8
          11     0.4000    1.0000    0.5714         2
          12     0.0000    0.0000    0.0000         1
          13     0.0000    0.0000    0.0000         0
          14     0.0000    0.0000    0.0000         0
          15     0.0000    0.0000    0.0000         0
          16     0.0000    0.0000    0.0000         0
          17     0.7500    1.0000    0.8571         3
          18     0.8333    1.0000    0.9091         5
          19     0.5000    0.4444    0.4706         9
          20     0.5714    0.5714    0.5714         7
          21     0.0000    0.0000    0.0000         0
          22     0.8684    0.9429    0.9041        35
          23     0.0000    0.0000    0.0000         0
          24     0.9048    0.7308    0.8085        26
          25     0.7143    1.0000    0.8333         5
          26     0.7273    0.8485    0.7832        66
          27     0.5000    1.0000    0.6667         2
          28     0.7143    0.4545    0.5556        11
          29     0.8000    1.0000    0.8889         4
          30     0.8462    0.6875    0.7586        16
          31     0.0000    0.0000    0.0000         0
          32     0.6667    0.6667    0.6667         3

   micro avg     0.7726    0.7898    0.7811       314
   macro avg     0.5408    0.5608    0.5345       314
weighted avg     0.7915    0.7898    0.7805       314
 samples avg     0.2838    0.2832    0.2794       314

manual_prompt, fine-tuning, seed:13, lr:2e-05, mask_id:1, post:False, split:0
best epoch: 9, dev f1:0.7725, test p:0.7946, r:0.7516, f1:0.7725 
              precision    recall  f1-score   support

           0     1.0000    1.0000    1.0000         2
           1     0.0000    0.0000    0.0000         1
           2     1.0000    0.8333    0.9091         6
           3     0.9231    0.6667    0.7742        18
           4     0.7917    0.7600    0.7755        50
           5     0.9231    0.8571    0.8889        14
           6     1.0000    0.6000    0.7500        10
           7     0.8333    1.0000    0.9091         5
           8     0.0000    0.0000    0.0000         0
           9     1.0000    0.6000    0.7500         5
          10     0.7778    0.8750    0.8235         8
          11     0.3333    1.0000    0.5000         2
          12     0.0000    0.0000    0.0000         1
          13     0.0000    0.0000    0.0000         0
          14     0.0000    0.0000    0.0000         0
          15     0.0000    0.0000    0.0000         0
          16     0.0000    0.0000    0.0000         0
          17     0.7500    1.0000    0.8571         3
          18     0.8333    1.0000    0.9091         5
          19     0.8000    0.4444    0.5714         9
          20     0.6667    0.5714    0.6154         7
          21     0.0000    0.0000    0.0000         0
          22     0.8462    0.9429    0.8919        35
          23     0.0000    0.0000    0.0000         0
          24     0.8636    0.7308    0.7917        26
          25     0.7143    1.0000    0.8333         5
          26     0.7500    0.7273    0.7385        66
          27     0.6667    1.0000    0.8000         2
          28     0.6667    0.3636    0.4706        11
          29     0.8000    1.0000    0.8889         4
          30     0.8462    0.6875    0.7586        16
          31     0.0000    0.0000    0.0000         0
          32     0.6667    0.6667    0.6667         3

   micro avg     0.7946    0.7516    0.7725       314
   macro avg     0.5592    0.5554    0.5416       314
weighted avg     0.8089    0.7516    0.7699       314
 samples avg     0.2738    0.2669    0.2663       314

manual_prompt, fine-tuning, seed:21, lr:2e-05, mask_id:1, post:False, split:0
best epoch: 9, dev f1:0.7849, test p:0.7921, r:0.7643, f1:0.7780 
              precision    recall  f1-score   support

           0     1.0000    1.0000    1.0000         2
           1     0.0000    0.0000    0.0000         1
           2     1.0000    0.8333    0.9091         6
           3     0.9286    0.7222    0.8125        18
           4     0.8298    0.7800    0.8041        50
           5     0.9231    0.8571    0.8889        14
           6     1.0000    0.6000    0.7500        10
           7     0.8333    1.0000    0.9091         5
           8     0.0000    0.0000    0.0000         0
           9     1.0000    0.2000    0.3333         5
          10     0.7778    0.8750    0.8235         8
          11     0.3333    1.0000    0.5000         2
          12     0.0000    0.0000    0.0000         1
          13     0.0000    0.0000    0.0000         0
          14     0.0000    0.0000    0.0000         0
          15     0.0000    0.0000    0.0000         0
          16     0.0000    0.0000    0.0000         0
          17     0.7500    1.0000    0.8571         3
          18     0.8333    1.0000    0.9091         5
          19     0.4545    0.5556    0.5000         9
          20     0.6250    0.7143    0.6667         7
          21     0.0000    0.0000    0.0000         0
          22     0.8571    0.8571    0.8571        35
          23     0.0000    0.0000    0.0000         0
          24     0.9048    0.7308    0.8085        26
          25     0.8333    1.0000    0.9091         5
          26     0.7761    0.7879    0.7820        66
          27     0.4000    1.0000    0.5714         2
          28     0.8333    0.4545    0.5882        11
          29     1.0000    1.0000    1.0000         4
          30     0.7333    0.6875    0.7097        16
          31     0.0000    0.0000    0.0000         0
          32     0.6667    0.6667    0.6667         3

   micro avg     0.7921    0.7643    0.7780       314
   macro avg     0.5543    0.5552    0.5320       314
weighted avg     0.8174    0.7643    0.7785       314
 samples avg     0.2783    0.2722    0.2715       314

manual_prompt, fine-tuning, seed:42, lr:2e-05, mask_id:1, post:False, split:0
best epoch: 7, dev f1:0.7808, test p:0.7862, r:0.7611, f1:0.7735 
              precision    recall  f1-score   support

           0     1.0000    1.0000    1.0000         2
           1     0.0000    0.0000    0.0000         1
           2     1.0000    0.6667    0.8000         6
           3     0.8750    0.7778    0.8235        18
           4     0.8571    0.8400    0.8485        50
           5     0.9167    0.7857    0.8462        14
           6     1.0000    0.6000    0.7500        10
           7     0.8333    1.0000    0.9091         5
           8     0.0000    0.0000    0.0000         0
           9     1.0000    0.6000    0.7500         5
          10     0.8571    0.7500    0.8000         8
          11     0.3333    1.0000    0.5000         2
          12     0.0000    0.0000    0.0000         1
          13     0.0000    0.0000    0.0000         0
          14     0.0000    0.0000    0.0000         0
          15     0.0000    0.0000    0.0000         0
          16     0.0000    0.0000    0.0000         0
          17     0.7500    1.0000    0.8571         3
          18     0.8333    1.0000    0.9091         5
          19     0.4000    0.4444    0.4211         9
          20     0.5714    0.5714    0.5714         7
          21     0.0000    0.0000    0.0000         0
          22     0.8529    0.8286    0.8406        35
          23     0.0000    0.0000    0.0000         0
          24     0.8636    0.7308    0.7917        26
          25     0.7143    1.0000    0.8333         5
          26     0.7761    0.7879    0.7820        66
          27     0.3333    1.0000    0.5000         2
          28     0.8333    0.4545    0.5882        11
          29     1.0000    1.0000    1.0000         4
          30     0.7500    0.7500    0.7500        16
          31     0.0000    0.0000    0.0000         0
          32     0.0000    0.0000    0.0000         3

   micro avg     0.7862    0.7611    0.7735       314
   macro avg     0.5258    0.5330    0.5113       314
weighted avg     0.8060    0.7611    0.7747       314
 samples avg     0.2813    0.2719    0.2725       314

